  0.500000000       43.9267731       18.4619770       69.0000000      0.250000000      0.750000000       43.2901535       43.9267731       44.5633926    
   1.00000000       38.5155029       33.1042366       190.000000      0.750000000       1.25000000       41.6986046       38.5155029       35.6507149    
   1.50000000       30.1333427       30.7699623       332.000000       1.25000000       1.75000000       23.3427296       30.7699623       36.4995422    
   2.00000000       23.8732471       22.9183159       482.000000       1.75000000       2.25000000       21.0084572       24.6690216       25.9422607    
   2.50000000       15.9154978       16.8067646       607.000000       2.25000000       2.75000000       14.5149336       16.8067646       16.5521183    
   3.00000000       12.6262951       13.4751215       726.000000       2.75000000       3.25000000       15.2788773       13.4751215       9.33709145    
   3.50000000       9.36740685       12.2776699       829.000000       3.25000000       3.75000000       7.91227579       9.54929829       10.6406469    
   4.00000000       7.79859400       6.92324162       927.000000       3.75000000       4.25000000       7.08239651       9.86760807       6.52535391    
   4.50000000       6.57840586       7.07355452       1020.00000       4.25000000       4.75000000       6.08325672       7.85164547       5.87105036    
   5.00000000       4.96563530       4.39267731       1098.00000       4.75000000       5.25000000       4.32901525       5.72957897       4.83831120    
   5.50000000       3.58822155       4.05121756       1160.00000       5.25000000       5.75000000       3.58822155       3.81971955       3.41459775    
   6.00000000       2.65258288       2.86478949       1210.00000       5.75000000       6.25000000       3.02394462       2.33427286       2.59953117    
