  0.500000000       48.3831139       20.3718376       76.0000000      0.250000000      0.750000000       47.7464943       47.7464943       50.9295921    
   1.00000000       33.4225464       28.3295860       181.000000      0.750000000       1.25000000       28.0112762       38.1971931       34.6957855    
   1.50000000       29.2845154       31.6187878       319.000000       1.25000000       1.75000000       25.4647961       27.5868626       34.8018875    
   2.00000000       23.8732471       21.8042316       469.000000       1.75000000       2.25000000       24.5098667       28.9662056       18.3028221    
   2.50000000       18.0800056       17.5707092       611.000000       2.25000000       2.75000000       16.5521183       18.0800056       19.7352161    
   3.00000000       12.0957785       15.4910841       725.000000       2.75000000       3.25000000       11.7774677       12.9446049       11.5652618    
   3.50000000       10.8225384       10.2768641       844.000000       3.25000000       3.75000000       9.54929829       11.1863213       11.9138870    
   4.00000000       7.16197395       8.11690331       934.000000       3.75000000       4.25000000       6.36619902       7.63943863       7.63943863    
   4.50000000       6.01252127       6.43693447       1019.00000       4.25000000       4.75000000       5.94178581       7.14428997       4.95148802    
   5.00000000       4.64732504       5.22028303       1092.00000       4.75000000       5.25000000       5.22028303       4.71098709       4.01070547    
   5.50000000       3.93546867       4.05121756       1160.00000       5.25000000       5.75000000       3.93546867       3.99334311       3.93546867    
   6.00000000       3.23615122       2.65258288       1221.00000       5.75000000       6.25000000       3.97887444       3.28920293       2.44037628    
