  0.500000000       50.9295921       27.3746548       80.0000000      0.250000000      0.750000000       49.0197334       56.0225525       48.3831139    
   1.00000000       40.1070518       37.5605736       206.000000      0.750000000       1.25000000       33.7408562       40.1070518       47.1098709    
   1.50000000       25.4647961       25.6770020       326.000000       1.25000000       1.75000000       24.4037628       30.3455486       21.6450768    
   2.00000000       21.6450768       19.4169064       462.000000       1.75000000       2.25000000       20.5309925       23.7140903       20.8493023    
   2.50000000       18.2073288       19.2259216       605.000000       2.25000000       2.75000000       18.3346539       17.9526806       18.5893002    
   3.00000000       13.0507078       15.7032909       728.000000       2.75000000       3.25000000       12.2018814       12.5201912       14.4300508    
   3.50000000       9.91308117       9.73118973       837.000000       3.25000000       3.75000000       8.63984108       11.5501041       9.54929829    
   4.00000000       8.59436893       7.63943863       945.000000       3.75000000       4.25000000       8.19648075       9.39014339       8.35563660    
   4.50000000       5.51737261       5.94178581       1023.00000       4.25000000       4.75000000       6.01252127       5.87105036       4.73928165    
   5.00000000       4.01070547       4.52000141       1086.00000       4.75000000       5.25000000       3.56507134       4.52000141       4.07436752    
   5.50000000       3.76184511       5.44020653       1151.00000       5.25000000       5.75000000       3.64609599       4.05121756       3.64609599    
   6.00000000       3.81971931       3.60751271       1223.00000       5.75000000       6.25000000       4.24413252       3.34225440       3.87277102    
