  0.500000000       49.0197334       29.9211349       77.0000000      0.250000000      0.750000000       40.7436752       57.9324112       48.3831139    
   1.00000000       38.5155029       28.3295860       198.000000      0.750000000       1.25000000       41.0619850       36.2873344       38.8338127    
   1.50000000       28.4356880       29.0723095       332.000000       1.25000000       1.75000000       25.2525902       30.9821682       29.2845154    
   2.00000000       19.5760612       20.8493023       455.000000       1.75000000       2.25000000       18.7802868       20.3718376       19.7352161    
   2.50000000       18.2073288       17.8253574       598.000000       2.25000000       2.75000000       17.9526806       19.8625412       17.0614128    
   3.00000000       13.6873274       15.5971880       727.000000       2.75000000       3.25000000       12.2018814       15.1727743       13.6873274    
   3.50000000       9.91308117       11.2772665       836.000000       3.25000000       3.75000000       9.45835304       10.3678102       10.0949726    
   4.00000000       8.11690331       7.71901608       938.000000       3.75000000       4.25000000       7.40070629       7.71901608       9.31056595    
   4.50000000       6.15399218       4.73928165       1025.00000       4.25000000       4.75000000       5.94178581       6.79061222       5.72957897    
   5.00000000       4.20169115       6.36619902       1091.00000       4.75000000       5.25000000       4.07436752       5.02929735       3.56507134    
   5.50000000       3.41459775       4.51421404       1150.00000       5.25000000       5.75000000       3.29884887       3.53034687       3.41459775    
   6.00000000       3.87277102       2.86478949       1223.00000       5.75000000       6.25000000       4.61549425       3.76666784       3.28920293    
