  0.500000000       54.1126900       27.3746548       85.0000000      0.250000000      0.750000000       54.7493095       56.0225525       51.5662117    
   1.00000000       40.4253654       32.1493034       212.000000      0.750000000       1.25000000       38.5155029       42.6535339       40.4253654    
   1.50000000       25.4647961       30.7699623       332.000000       1.25000000       1.75000000       21.8572826       27.7990685       27.1624489    
   2.00000000       22.1225414       20.8493023       471.000000       1.75000000       2.25000000       21.9633865       22.4408512       22.1225414    
   2.50000000       15.9154978       17.6980324       596.000000       2.25000000       2.75000000       16.1701450       16.0428219       15.5335255    
   3.00000000       14.2178440       13.6873274       730.000000       2.75000000       3.25000000       13.6873274       13.7934313       15.2788773    
   3.50000000       10.2768641       10.3678102       843.000000       3.25000000       3.75000000       8.18511295       13.6418552       9.18551540    
   4.00000000       7.63943863       7.24155140       939.000000       3.75000000       4.25000000       7.16197395       8.75352383       7.16197395    
   4.50000000       5.58810806       6.50766993       1018.00000       4.25000000       4.75000000       5.65884352       5.58810806       5.51737261    
   5.00000000       5.02929735       5.28394508       1097.00000       4.75000000       5.25000000       5.15662098       5.60225534       4.45633936    
   5.50000000       3.70397043       5.26658297       1161.00000       5.25000000       5.75000000       3.41459775       2.89372706       4.86146116    
   6.00000000       3.50140953       3.55446100       1227.00000       5.75000000       6.25000000       3.39530611       3.92582273       3.18309951    
