  0.500000000       48.3831139       24.1915569       76.0000000      0.250000000      0.750000000       49.6563530       54.7493095       42.0169144    
   1.00000000       40.7436752       36.6056442       204.000000      0.750000000       1.25000000       35.6507149       42.0169144       45.2000122    
   1.50000000       29.9211349       32.4676132       345.000000       1.25000000       1.75000000       28.2234821       32.2554092       29.7089291    
   2.00000000       23.8732471       23.0774708       495.000000       1.75000000       2.25000000       20.8493023       21.8042316       28.9662056    
   2.50000000       16.4247932       15.1515532       624.000000       2.25000000       2.75000000       16.6794415       17.5707092       15.0242300    
   3.00000000       11.2469511       11.5652618       730.000000       2.75000000       3.25000000       10.9286413       11.0347452       11.8835716    
   3.50000000       8.73078728       11.8229408       826.000000       3.25000000       3.75000000       9.00362396       10.3678102       6.91187334    
   4.00000000       7.87817144       7.32112885       925.000000       3.75000000       4.25000000       7.71901608       9.86760807       6.20704412    
   4.50000000       5.87105036       5.80031443       1008.00000       4.25000000       4.75000000       4.73928165       6.79061222       6.22472811    
   5.00000000       4.71098709       4.39267731       1082.00000       4.75000000       5.25000000       4.45633936       4.20169115       5.53859329    
   5.50000000       3.35672331       4.74571228       1140.00000       5.25000000       5.75000000       2.77797794       4.28271580       3.00947595    
   6.00000000       3.13004780       3.13004780       1199.00000       5.75000000       6.25000000       2.91784120       3.66056442       2.86478949    
