  0.500000000       58.5690308       39.4704323       92.0000000      0.250000000      0.750000000       49.0197334       66.2084732       61.1155090    
   1.00000000       43.9267731       38.5155029       230.000000      0.750000000       1.25000000       43.9267731       41.0619850       46.7915611    
   1.50000000       28.0112762       30.9821682       362.000000       1.25000000       1.75000000       25.4647961       30.1333427       28.8601017    
   2.00000000       23.3957806       18.1436672       509.000000       1.75000000       2.25000000       20.6901474       23.2366257       26.2605705    
   2.50000000       15.7881737       17.0614128       633.000000       2.25000000       2.75000000       16.0428219       16.5521183       14.7695818    
   3.00000000       10.2920218       10.2920218       730.000000       2.75000000       3.25000000       10.7164354       10.3981247       9.76150513    
   3.50000000       9.64024448       9.91308117       836.000000       3.25000000       3.75000000       8.82173252       11.3682127       8.73078728    
   4.00000000       6.92324162       9.31056595       923.000000       3.75000000       4.25000000       6.92324162       7.16197395       6.76408625    
   4.50000000       5.72957897       4.81001711       1004.00000       4.25000000       4.75000000       5.16369486       6.29546356       5.80031443    
   5.00000000       4.90197325       6.17521286       1081.00000       4.75000000       5.25000000       4.71098709       5.53859329       4.45633936    
   5.50000000       3.47247243       3.64609599       1141.00000       5.25000000       5.75000000       2.72010326       3.93546867       3.76184511    
   6.00000000       3.02394462       3.71361613       1198.00000       5.75000000       6.25000000       2.65258288       3.28920293       3.18309951    
