  0.500000000       40.1070518       22.2816963       63.0000000      0.250000000      0.750000000       50.9295921       36.2873344       33.1042366    
   1.00000000       38.1971931       30.2394447       183.000000      0.750000000       1.25000000       36.6056442       42.6535339       35.6507149    
   1.50000000       30.3455486       32.0432014       326.000000       1.25000000       1.75000000       23.3427296       30.9821682       36.7117462    
   2.00000000       24.0324020       24.0324020       477.000000       1.75000000       2.25000000       20.8493023       24.5098667       26.8971901    
   2.50000000       15.9154978       16.0428219       602.000000       2.25000000       2.75000000       16.9340897       15.5335255       15.4062014    
   3.00000000       12.2018814       13.3690176       717.000000       2.75000000       3.25000000       13.3690176       11.2469511       11.9896746    
   3.50000000       9.45835304       10.1859188       821.000000       3.25000000       3.75000000       8.73078728       11.6410494       8.00322151    
   4.00000000       8.75352383       9.23098850       931.000000       3.75000000       4.25000000       8.59436893       9.94718552       7.79859400    
   4.50000000       6.01252127       5.65884352       1016.00000       4.25000000       4.75000000       4.59781027       7.71017456       5.87105036    
   5.00000000       4.83831120       4.96563530       1092.00000       4.75000000       5.25000000       4.13802958       4.58366346       5.92056513    
   5.50000000       3.12522507       3.87759423       1146.00000       5.25000000       5.75000000       2.95160151       4.16696692       2.31498170    
   6.00000000       2.86478949       3.07699609       1200.00000       5.75000000       6.25000000       3.34225440       2.91784120       2.38732457    
