  0.500000000       47.1098709       25.4647961       74.0000000      0.250000000      0.750000000       50.9295921       48.3831139       43.2901535    
   1.00000000       37.5605736       26.1014156       192.000000      0.750000000       1.25000000       32.7859230       38.5155029       42.0169144    
   1.50000000       29.9211349       27.3746548       333.000000       1.25000000       1.75000000       30.7699623       28.2234821       30.7699623    
   2.00000000       20.0535259       27.0563450       459.000000       1.75000000       2.25000000       17.5070477       22.2816963       20.5309925    
   2.50000000       18.3346539       18.0800056       603.000000       2.25000000       2.75000000       16.2974701       21.2631054       17.4433861    
   3.00000000       12.9446049       12.3079844       725.000000       2.75000000       3.25000000       12.4140882       13.3690176       13.1568117    
   3.50000000       8.91267872       10.5497007       823.000000       3.25000000       3.75000000       7.36660147       10.0040274       9.36740685    
   4.00000000       8.35563660       8.83310127       928.000000       3.75000000       4.25000000       7.63943863       8.75352383       8.83310127    
   4.50000000       5.87105036       6.22472811       1011.00000       4.25000000       4.75000000       6.15399218       6.36619902       5.23443031    
   5.00000000       4.58366346       5.22028303       1083.00000       4.75000000       5.25000000       4.26535320       6.17521286       3.37408543    
   5.50000000       4.28271580       4.10909224       1157.00000       5.25000000       5.75000000       5.20870876       3.64609599       4.10909224    
   6.00000000       2.91784120       3.28920293       1212.00000       5.75000000       6.25000000       2.75868630       2.81173778       3.18309951    
