  0.500000000       48.3831139       24.8281765       76.0000000      0.250000000      0.750000000       44.5633926       43.2901535       57.9324112    
   1.00000000       33.4225464       28.6478958       181.000000      0.750000000       1.25000000       35.9690247       36.6056442       28.3295860    
   1.50000000       29.7089291       24.4037628       321.000000       1.25000000       1.75000000       26.3136234       32.6798210       30.3455486    
   2.00000000       20.8493023       25.1464863       452.000000       1.75000000       2.25000000       19.5760612       22.4408512       20.6901474    
   2.50000000       19.0985966       19.8625412       602.000000       2.25000000       2.75000000       17.5707092       21.5177517       18.4619770    
   3.00000000       12.3079844       11.0347452       718.000000       2.75000000       3.25000000       11.3530550       11.8835716       13.6873274    
   3.50000000       10.1859188       12.0048323       830.000000       3.25000000       3.75000000       9.00362396       10.7315922       10.8225384    
   4.00000000       7.00281906       9.23098850       918.000000       3.75000000       4.25000000       5.57042408       8.67394638       6.76408625    
   4.50000000       6.64914131       5.87105036       1012.00000       4.25000000       4.75000000       6.43693447       7.56870317       5.94178581    
   5.00000000       4.32901525       5.34760714       1080.00000       4.75000000       5.25000000       5.22028303       3.75605750       4.13802958    
   5.50000000       4.39846516       3.47247243       1156.00000       5.25000000       5.75000000       4.97721052       4.22484159       4.05121756    
   6.00000000       3.13004780       3.34225440       1215.00000       5.75000000       6.25000000       2.91784120       4.03192616       2.54647970    
