  0.500000000       45.2000122       17.8253574       71.0000000      0.250000000      0.750000000       47.7464943       46.4732513       41.3802948    
   1.00000000       35.9690247       29.6028252       184.000000      0.750000000       1.25000000       34.3774757       38.1971931       35.6507149    
   1.50000000       33.1042366       31.4065819       340.000000       1.25000000       1.75000000       32.4676132       30.1333427       37.1361618    
   2.00000000       23.0774708       25.9422607       485.000000       1.75000000       2.25000000       20.8493023       24.6690216       23.7140903    
   2.50000000       16.0428219       15.7881737       611.000000       2.25000000       2.75000000       12.0957785       18.8439484       17.1887379    
   3.00000000       11.9896746       14.4300508       724.000000       2.75000000       3.25000000       11.9896746       11.6713648       12.3079844    
   3.50000000       10.5497007       9.36740685       840.000000       3.25000000       3.75000000       10.5497007       12.0048323       9.18551540    
   4.00000000       7.32112885       9.31056595       932.000000       3.75000000       4.25000000       6.44577646       8.43521404       7.24155140    
   4.50000000       6.29546356       6.50766993       1021.00000       4.25000000       4.75000000       6.01252127       7.14428997       5.72957897    
   5.00000000       5.22028303       5.15662098       1103.00000       4.75000000       5.25000000       4.96563530       6.04788923       4.77464914    
   5.50000000       3.47247243       3.87759423       1163.00000       5.25000000       5.75000000       3.99334311       3.35672331       3.18309975    
   6.00000000       3.07699609       2.59953117       1221.00000       5.75000000       6.25000000       3.02394462       2.44037628       3.81971931    
